2 0.658095 0.451821 0.071670 0.135323
2 0.297890 0.410675 0.025800 0.053253
2 0.386470 0.339935 0.067940 0.139094
2 0.498580 0.411229 0.082460 0.153845
1 0.583200 0.442421 0.020200 0.020148
0 0.505900 0.468115 0.048200 0.069686
0 0.383290 0.388872 0.053600 0.073013
1 0.303020 0.427486 0.016040 0.024288
0 0.237750 0.420702 0.007900 0.012200
2 0.160580 0.413826 0.023580 0.042884
2 0.893560 0.402006 0.030500 0.061719
0 0.951000 0.463031 0.016200 0.021442
1 0.054900 0.442237 0.027400 0.026063
1 0.810250 0.457671 0.009700 0.012200
0 0.664650 0.496673 0.036700 0.047320
