0 0.397275 0.207559 0.037931 0.035276
0 0.455784 0.183701 0.052169 0.062520
0 0.536151 0.319055 0.055617 0.053228
2 0.532164 0.278685 0.080100 0.113402
2 0.464494 0.141819 0.071813 0.109496
2 0.747647 0.104551 0.085284 0.135780
2 0.903838 0.075323 0.072592 0.115024
0 0.896552 0.109685 0.046274 0.048976
2 0.283014 0.162181 0.080912 0.132016
2 0.398671 0.184236 0.047953 0.076378
2 0.193115 0.107598 0.064917 0.084079
0 0.749778 0.157480 0.056174 0.066142
0 0.181207 0.144331 0.035806 0.047087
0 0.279032 0.202362 0.062625 0.063937
