2 0.973463 0.070843 0.053074 0.136817
2 0.819397 0.186904 0.079072 0.137009
1 0.095342 0.149704 0.065394 0.060452
0 0.147970 0.101565 0.058353 0.072696
0 0.830632 0.522139 0.085626 0.109670
0 0.782082 0.818496 0.073677 0.123252
1 0.640284 0.693183 0.093561 0.086887
0 0.684281 0.445478 0.092691 0.115304
2 0.377512 0.874965 0.152146 0.250070
2 0.362129 0.598939 0.139803 0.292487
0 0.495215 0.366278 0.092981 0.100870
0 0.207135 0.899287 0.134687 0.146052
1 0.230423 0.507174 0.100197 0.092504
1 0.078770 0.516348 0.110905 0.082087
2 0.734200 0.085574 0.085963 0.157791
1 0.569843 0.278252 0.063121 0.061896
1 0.640197 0.136696 0.080162 0.067130
0 0.493393 0.126530 0.047807 0.080191
1 0.440499 0.173061 0.054548 0.054991
1 0.265708 0.300330 0.050441 0.049287
0 0.326212 0.219739 0.064490 0.050957
2 0.350070 0.109487 0.081439 0.121235
0 0.310342 0.057652 0.048759 0.054783
1 0.233237 0.143043 0.063689 0.064522
2 0.073445 0.421339 0.122575 0.267826
2 0.703318 0.855374 0.179954 0.259965
2 0.630957 0.090930 0.102981 0.158313
2 0.093660 0.094861 0.084768 0.185722
2 0.235800 0.091922 0.082158 0.164226
2 0.161032 0.552252 0.129443 0.271461
1 0.748625 0.291070 0.059432 0.052748
2 0.749785 0.235087 0.079780 0.174870
2 0.500986 0.094609 0.090603 0.173565
2 0.642529 0.280643 0.089234 0.190191
2 0.641137 0.604591 0.136636 0.265426
2 0.822401 0.448870 0.114362 0.225739
2 0.925539 0.271235 0.103167 0.204835
2 0.369258 0.389322 0.133875 0.194365
2 0.757546 0.727896 0.121288 0.190191
2 0.469652 0.700730 0.080858 0.173461
0 0.925348 0.334087 0.083875 0.063652
1 0.874832 0.159913 0.052053 0.049565
