2 0.891592 0.249239 0.044224 0.100942
2 0.935628 0.249574 0.040133 0.093678
0 0.406429 0.160326 0.032449 0.076087
0 0.508566 0.237862 0.025724 0.047464
0 0.517934 0.178170 0.032500 0.069746
0 0.588071 0.273225 0.021735 0.048370
0 0.654546 0.237953 0.039888 0.056703
0 0.708694 0.244656 0.035878 0.055978
0 0.927219 0.281069 0.027398 0.041123
0 0.892857 0.281793 0.029388 0.050181
0 0.820724 0.256649 0.038878 0.052174
0 0.259255 0.330199 0.030551 0.051268
0 0.133367 0.128714 0.060408 0.092572
0 0.020959 0.256630 0.033184 0.051304
0 0.380510 0.338551 0.027347 0.041232
2 0.710796 0.210969 0.040878 0.099620
2 0.428663 0.102926 0.075122 0.132482
2 0.535878 0.133397 0.065673 0.115707
2 0.662112 0.205697 0.049796 0.104909
2 0.820051 0.229783 0.049796 0.101594
2 0.379959 0.299303 0.044898 0.091975
2 0.273179 0.314121 0.054684 0.090960
0 0.772138 0.306975 0.020622 0.032428
