0 0.317243 0.210986 0.012513 0.017277
2 0.411567 0.192715 0.012940 0.021862
0 0.328271 0.198404 0.005188 0.008764
2 0.590829 0.190884 0.031811 0.052034
2 0.900285 0.171369 0.052737 0.100266
2 0.799542 0.131189 0.058210 0.105603
2 0.695066 0.206948 0.026368 0.048983
2 0.133489 0.163349 0.051943 0.089139
2 0.249374 0.148998 0.106562 0.177246
0 0.412808 0.197011 0.007426 0.011424
2 0.447706 0.197238 0.022391 0.042081
2 0.472833 0.179249 0.024873 0.036745
2 0.384776 0.185759 0.015921 0.028326
0 0.265107 0.192645 0.061851 0.086385
0 0.125483 0.187551 0.035300 0.046776
0 0.336114 0.200704 0.007325 0.015806
0 0.570376 0.213318 0.013795 0.013177
1 0.594059 0.204781 0.018942 0.019922
0 0.807599 0.167371 0.034934 0.043349
0 0.901119 0.199374 0.031943 0.047261
1 0.695804 0.222167 0.025381 0.023678
