0 0.565615 0.649084 0.211190 0.222014
2 0.384760 0.199365 0.139173 0.160942
2 0.920954 0.118894 0.158093 0.237787
2 0.689685 0.116719 0.161404 0.221839
2 0.872834 0.524870 0.208761 0.342179
2 0.346099 0.383504 0.172035 0.329130
2 0.563075 0.425549 0.240656 0.352327
2 0.190011 0.184865 0.186534 0.256635
2 0.106410 0.632888 0.206829 0.474124
2 0.126703 0.339273 0.173960 0.269695
0 0.171935 0.440996 0.094379 0.166768
0 0.897978 0.657440 0.150229 0.189584
0 0.351030 0.485044 0.150534 0.162381
0 0.097571 0.807058 0.195142 0.241206
0 0.885252 0.191892 0.096231 0.173331
0 0.685796 0.187619 0.113352 0.137924
0 0.229101 0.295601 0.101183 0.166936
