0 0.953482 0.329844 0.043090 0.057396
2 0.957059 0.283943 0.055816 0.109073
2 0.836507 0.310380 0.057541 0.117885
2 0.744440 0.276781 0.048335 0.099146
2 0.652084 0.276781 0.045462 0.092542
2 0.567777 0.234911 0.047198 0.079323
2 0.440906 0.241526 0.047764 0.085927
2 0.335732 0.213469 0.045272 0.104521
2 0.278806 0.171406 0.047274 0.104521
2 0.230204 0.257443 0.049929 0.090510
2 0.138069 0.253422 0.048825 0.110656
0 0.030998 0.286000 0.042062 0.060250
2 0.030517 0.238052 0.052655 0.098354
0 0.139363 0.294687 0.040424 0.058542
0 0.334984 0.257292 0.034603 0.059167
0 0.276387 0.212813 0.032427 0.052708
0 0.441159 0.280052 0.038030 0.052604
0 0.565887 0.273750 0.036997 0.053333
0 0.653754 0.318385 0.036126 0.049479
0 0.744859 0.309792 0.037595 0.057708
0 0.839336 0.363958 0.043634 0.047500
0 0.228890 0.310312 0.041458 0.051042
