0 0.148076 0.315551 0.069891 0.082023
1 0.692414 0.394203 0.045818 0.063031
2 0.039245 0.143879 0.078490 0.152398
0 0.896693 0.332656 0.060781 0.106562
2 0.564656 0.392664 0.064750 0.119984
1 0.806250 0.430703 0.081458 0.107969
0 0.638932 0.434129 0.061719 0.075602
2 0.638177 0.362004 0.077500 0.139320
2 0.802479 0.327906 0.137438 0.201687
2 0.869656 0.210473 0.121000 0.152398
2 0.310000 0.310512 0.078490 0.152398
2 0.153411 0.253969 0.078490 0.152406
0 0.448568 0.322383 0.087448 0.101641
0 0.299323 0.365074 0.066042 0.082961
2 0.454023 0.234414 0.121016 0.153828
