2 0.052212 0.558443 0.096013 0.145366
0 0.425775 0.485732 0.041550 0.070713
0 0.641166 0.494939 0.041381 0.062448
1 0.687000 0.484165 0.027125 0.035122
0 0.943094 0.489287 0.041563 0.058499
2 0.188847 0.451285 0.044281 0.087054
2 0.238125 0.421295 0.064500 0.138086
2 0.304825 0.418949 0.118100 0.162477
1 0.057412 0.474658 0.048250 0.046069
0 0.066644 0.599794 0.080275 0.091407
1 0.189500 0.496900 0.055813 0.059184
0 0.247791 0.517233 0.050981 0.084709
0 0.338369 0.518161 0.065250 0.097842
0 0.528056 0.471013 0.207000 0.205253
0 0.839688 0.464301 0.095625 0.183199
0 0.906763 0.495826 0.036100 0.060882
2 0.938431 0.438762 0.047625 0.081445
2 0.783156 0.393021 0.166188 0.268180
2 0.071822 0.431243 0.094356 0.116520
