2 0.761087 0.406180 0.049427 0.044740
2 0.911763 0.417085 0.062927 0.071990
0 0.155290 0.399245 0.079687 0.102710
2 0.925497 0.344075 0.051700 0.071990
2 0.825020 0.275290 0.121587 0.204020
2 0.680200 0.368090 0.046133 0.060780
2 0.706527 0.391850 0.062920 0.072000
0 0.559190 0.262995 0.039873 0.071990
0 0.510957 0.205950 0.070353 0.096500
0 0.247833 0.309080 0.045667 0.051040
0 0.247827 0.407680 0.061520 0.065040
2 0.058343 0.418480 0.080647 0.095040
2 0.562807 0.206140 0.042387 0.096120
0 0.609473 0.424600 0.028720 0.022980
0 0.653400 0.375700 0.018133 0.025600
0 0.759950 0.445160 0.037167 0.038920
0 0.943837 0.484510 0.025740 0.048860
0 0.927313 0.376600 0.031333 0.042200
0 0.911400 0.460800 0.042267 0.063400
0 0.702283 0.457345 0.043673 0.053510
0 0.827900 0.352050 0.102200 0.142900
2 0.498197 0.121165 0.108927 0.138510
2 0.249733 0.360120 0.061067 0.072960
2 0.261257 0.283590 0.064153 0.081980
2 0.136743 0.299600 0.117033 0.203360
2 0.046767 0.277815 0.073800 0.121210
0 0.040310 0.325905 0.061513 0.071990
0 0.047850 0.474785 0.061513 0.071990
