2 0.641985 0.499784 0.043735 0.062314
2 0.878147 0.588092 0.050809 0.083660
2 0.852419 0.555516 0.055750 0.093647
1 0.562768 0.418098 0.052463 0.072484
1 0.814963 0.640451 0.052471 0.072484
1 0.975779 0.627922 0.048441 0.072471
1 0.603143 0.800235 0.052463 0.072471
2 0.199129 0.472817 0.047787 0.070366
0 0.453298 0.263268 0.076654 0.084052
2 0.551434 0.364503 0.054338 0.095542
1 0.630618 0.536634 0.030971 0.035882
1 0.600401 0.507699 0.028757 0.029778
1 0.556805 0.671111 0.031537 0.067712
2 0.618066 0.687915 0.090294 0.158758
1 0.706912 0.838431 0.076765 0.072941
1 0.114695 0.482895 0.050346 0.048641
2 0.454809 0.160980 0.090294 0.143660
2 0.264346 0.497791 0.045221 0.052680
