0 0.524954 0.173683 0.038942 0.036240
0 0.803333 0.351854 0.063500 0.060997
1 0.859167 0.431777 0.040333 0.066368
2 0.457983 0.198043 0.036850 0.061151
1 0.669042 0.226598 0.047750 0.051151
0 0.511746 0.276880 0.040558 0.060818
0 0.487625 0.231841 0.021917 0.045780
2 0.034458 0.235441 0.066033 0.085793
0 0.567292 0.358395 0.041250 0.065384
2 0.589117 0.291816 0.065567 0.108696
2 0.710242 0.305786 0.092017 0.115512
0 0.909571 0.472193 0.073258 0.109322
0 0.687167 0.382161 0.055833 0.094757
0 0.457037 0.240211 0.037575 0.050013
0 0.404179 0.249309 0.040308 0.052813
0 0.183638 0.257711 0.037558 0.047238
0 0.056971 0.285301 0.040308 0.059066
2 0.187863 0.201407 0.047692 0.086445
0 0.262596 0.266049 0.040308 0.052813
2 0.412171 0.196637 0.054042 0.079361
0 0.806454 0.193344 0.038108 0.052954
2 0.805742 0.273689 0.083517 0.104284
2 0.939208 0.354987 0.121583 0.174680
2 0.088704 0.111918 0.023575 0.034731
2 0.267988 0.213683 0.049525 0.064706
2 0.521542 0.139898 0.040917 0.057033
2 0.498083 0.187788 0.041333 0.059207
2 0.683917 0.177001 0.062500 0.072673
2 0.815271 0.146292 0.049292 0.063427
2 0.842667 0.213363 0.061500 0.077877
