0 0.501667 0.318241 0.058854 0.078519
1 0.087250 0.375843 0.039219 0.071296
0 0.827060 0.034324 0.061547 0.061074
0 0.896823 0.214491 0.068958 0.073796
0 0.751927 0.118565 0.051146 0.083056
0 0.661875 0.127917 0.048229 0.077315
0 0.480286 0.126435 0.055156 0.075463
0 0.934609 0.578611 0.066823 0.076852
0 0.646563 0.397407 0.060729 0.073889
0 0.268849 0.404361 0.048750 0.082315
0 0.566354 0.800093 0.066354 0.096111
0 0.523089 0.707898 0.072635 0.075241
0 0.376536 0.935463 0.069948 0.091296
0 0.178464 0.679954 0.047448 0.067685
0 0.128516 0.768333 0.067969 0.092963
0 0.042057 0.879491 0.071406 0.106019
2 0.032370 0.122222 0.060260 0.158889
2 0.171057 0.619528 0.072990 0.149167
2 0.128927 0.703750 0.086083 0.185463
2 0.048583 0.810778 0.091010 0.217204
0 0.087708 0.228056 0.049583 0.077778
0 0.025234 0.176667 0.033385 0.055556
0 0.261536 0.112824 0.054635 0.074352
2 0.381224 0.879366 0.088542 0.173231
2 0.519992 0.648838 0.090609 0.210954
2 0.576083 0.752398 0.090615 0.214796
2 0.936932 0.510764 0.091677 0.230139
2 0.897388 0.161218 0.082120 0.207454
2 0.749518 0.086921 0.080266 0.173843
2 0.660924 0.085472 0.069766 0.165722
2 0.645487 0.336287 0.088286 0.182204
2 0.501323 0.270981 0.075323 0.165741
2 0.493297 0.087676 0.082729 0.161352
2 0.262206 0.072398 0.072047 0.144759
2 0.293766 0.339194 0.084823 0.182648
2 0.112109 0.324491 0.085469 0.169907
2 0.073589 0.180259 0.076896 0.152759
