2 0.493461 0.057549 0.040984 0.087681
1 0.201172 0.382285 0.046203 0.045903
0 0.309219 0.534972 0.086813 0.118722
2 0.132586 0.150819 0.086516 0.179639
2 0.337328 0.043139 0.059922 0.086194
2 0.385426 0.158799 0.079133 0.147181
2 0.540086 0.093611 0.064812 0.127111
2 0.680773 0.219965 0.080484 0.169875
2 0.863066 0.200590 0.139977 0.268208
2 0.475422 0.387590 0.135781 0.281625
2 0.725609 0.626743 0.145000 0.342708
1 0.384727 0.213681 0.053984 0.053194
1 0.492773 0.085694 0.030703 0.041111
1 0.346211 0.069028 0.030703 0.041667
0 0.537500 0.127847 0.050000 0.072639
0 0.670859 0.275278 0.065313 0.083889
2 0.626543 0.178389 0.061289 0.136778
2 0.201523 0.308507 0.078047 0.204792
1 0.140508 0.201042 0.051328 0.072639
0 0.866680 0.289653 0.091797 0.111250
0 0.718242 0.729444 0.116953 0.153611
1 0.477773 0.471181 0.108047 0.118194
2 0.318832 0.406021 0.109992 0.172597
2 0.130508 0.748313 0.093359 0.154681
0 0.360805 0.350465 0.076578 0.161569
0 0.119633 0.869549 0.069422 0.090319
