2 0.102460 0.348041 0.134120 0.302117
2 0.204950 0.348574 0.102300 0.316066
2 0.296820 0.635736 0.135960 0.301502
2 0.665095 0.287410 0.115010 0.257613
0 0.873700 0.444970 0.094600 0.120571
0 0.807485 0.380008 0.068170 0.088243
1 0.977750 0.532057 0.044500 0.079730
1 0.208575 0.445330 0.073550 0.078649
0 0.474400 0.438589 0.082400 0.092793
0 0.092250 0.430931 0.104500 0.121922
0 0.761100 0.831982 0.132400 0.131532
1 0.285350 0.728829 0.104300 0.103604
0 0.565250 0.327327 0.067500 0.110511
1 0.669020 0.380315 0.078700 0.073724
2 0.487120 0.359362 0.133240 0.283649
2 0.386275 0.343604 0.083050 0.139790
2 0.555565 0.270976 0.120470 0.279550
2 0.807460 0.319625 0.074840 0.231592
2 0.973550 0.459384 0.052900 0.283634
2 0.880015 0.355938 0.128690 0.282297
2 0.770140 0.729955 0.168120 0.319369
