0 0.813453 0.170257 0.038453 0.056719
2 0.456917 0.050099 0.029869 0.063518
2 0.262968 0.073261 0.054608 0.112372
2 0.236329 0.111334 0.054619 0.111166
2 0.425408 0.282322 0.074891 0.161759
2 0.573105 0.394862 0.077582 0.190553
1 0.705049 0.135761 0.036002 0.054644
2 0.347511 0.474980 0.099074 0.190553
2 0.172647 0.577846 0.124139 0.244704
2 0.341155 0.329545 0.090044 0.177945
0 0.558606 0.090316 0.036166 0.043083
0 0.267810 0.114723 0.032789 0.051976
0 0.234259 0.164328 0.038453 0.055534
0 0.456754 0.062648 0.022658 0.038735
0 0.402451 0.042787 0.028431 0.033399
0 0.747712 0.053854 0.032462 0.033794
0 0.790251 0.050494 0.029956 0.050000
0 0.853922 0.045356 0.036383 0.046443
0 0.900000 0.076285 0.031373 0.039921
0 0.661705 0.122747 0.034739 0.039960
1 0.752179 0.139921 0.032244 0.036759
2 0.403764 0.031166 0.030839 0.061779
0 0.169717 0.653854 0.081699 0.101383
0 0.342593 0.541581 0.079303 0.086324
0 0.417484 0.328360 0.055882 0.088340
0 0.573529 0.443676 0.071242 0.083399
0 0.541667 0.271937 0.044771 0.080632
2 0.689641 0.063211 0.029739 0.082352
0 0.651743 0.264130 0.056863 0.070158
2 0.542407 0.227648 0.063312 0.153518
2 0.656089 0.219298 0.070806 0.157688
2 0.815610 0.137460 0.044771 0.118241
2 0.899684 0.049012 0.045773 0.085731
2 0.850180 0.035563 0.044281 0.071126
2 0.747451 0.030514 0.038802 0.055968
2 0.752424 0.118962 0.043780 0.086660
2 0.559619 0.065850 0.039129 0.097510
2 0.661825 0.084852 0.043780 0.101087
