2 0.259375 0.150178 0.074650 0.152575
2 0.100210 0.137558 0.085000 0.181190
2 0.307995 0.199636 0.041550 0.093943
0 0.391600 0.056874 0.023200 0.033215
2 0.951885 0.389103 0.089570 0.214334
2 0.749030 0.791998 0.184860 0.325737
2 0.424500 0.466776 0.101600 0.241865
2 0.102785 0.649103 0.198950 0.438597
0 0.026050 0.209680 0.027700 0.044583
0 0.105435 0.790258 0.177730 0.233091
0 0.267550 0.652309 0.110700 0.133748
0 0.416800 0.534369 0.090200 0.111012
1 0.302050 0.399565 0.070800 0.065204
0 0.445350 0.103641 0.032500 0.035702
0 0.763165 0.954085 0.153730 0.091829
1 0.476375 0.369920 0.040750 0.071989
0 0.548250 0.451155 0.112500 0.164121
2 0.303855 0.337078 0.083250 0.187975
2 0.455890 0.179183 0.089600 0.122806
2 0.610400 0.107131 0.054320 0.111528
2 0.733865 0.080435 0.045850 0.078206
0 0.719355 0.096012 0.013950 0.031421
2 0.551535 0.350346 0.135530 0.285631
2 0.655605 0.356146 0.103670 0.282735
2 0.965400 0.090062 0.058800 0.139272
2 0.921310 0.150266 0.071840 0.181243
2 0.671115 0.121989 0.059590 0.133393
2 0.749885 0.189414 0.065310 0.102948
2 0.736735 0.277504 0.065610 0.146625
2 0.780825 0.381519 0.086070 0.211776
2 0.268625 0.565728 0.134050 0.329574
2 0.528605 0.156581 0.055730 0.107762
2 0.476750 0.287593 0.060680 0.139236
0 0.735645 0.313632 0.046350 0.116252
0 0.657500 0.441474 0.098200 0.133037
1 0.592920 0.140089 0.036960 0.055879
1 0.677335 0.161829 0.046870 0.054032
0 0.861000 0.219538 0.051200 0.076021
0 0.921700 0.199467 0.062400 0.079929
0 0.785050 0.430373 0.069100 0.114742
0 0.962050 0.462877 0.068700 0.094849
1 0.781450 0.067673 0.035300 0.041208
