2 0.556429 0.514650 0.137258 0.308825
0 0.150792 0.337750 0.066750 0.107750
0 0.543646 0.586063 0.107875 0.131625
0 0.284467 0.409700 0.092733 0.125850
0 0.413875 0.120688 0.044917 0.054875
0 0.479067 0.276119 0.086967 0.113987
0 0.584667 0.294750 0.099667 0.130500
0 0.806750 0.227500 0.081500 0.095000
0 0.648125 0.143375 0.065583 0.101500
0 0.708438 0.167369 0.048042 0.087487
0 0.983750 0.101019 0.032500 0.108787
2 0.133533 0.216694 0.155633 0.243588
2 0.265479 0.310213 0.150792 0.294325
2 0.825163 0.128937 0.129492 0.227625
2 0.060546 0.131900 0.104425 0.198700
2 0.457817 0.184812 0.127633 0.200125
2 0.594129 0.206544 0.127592 0.237788
2 0.637625 0.073550 0.092800 0.147100
2 0.424971 0.070250 0.067658 0.087000
2 0.710313 0.092287 0.061858 0.101500
