2 0.089779 0.316948 0.013842 0.028326
2 0.116900 0.368874 0.020300 0.041126
2 0.100021 0.357578 0.018392 0.035393
2 0.145050 0.360630 0.027433 0.057733
2 0.466438 0.587267 0.082858 0.163541
2 0.157671 0.328052 0.021508 0.037852
2 0.262542 0.333667 0.025650 0.055067
2 0.220517 0.338178 0.043167 0.066815
2 0.616917 0.356578 0.034117 0.048741
2 0.397292 0.395022 0.062750 0.110459
2 0.420442 0.348985 0.039600 0.063896
0 0.300354 0.398000 0.015125 0.025037
0 0.324125 0.367185 0.015083 0.023259
0 0.319900 0.487563 0.036200 0.046533
0 0.357121 0.446244 0.020742 0.038859
2 0.637783 0.399481 0.035500 0.062281
2 0.327467 0.448007 0.048267 0.081585
2 0.323387 0.352519 0.017675 0.044119
2 0.307075 0.383644 0.023117 0.048356
2 0.350925 0.410533 0.032633 0.059822
0 0.098887 0.556741 0.038108 0.052741
0 0.212750 0.456222 0.052000 0.075111
0 0.231583 0.377926 0.020667 0.040593
0 0.258458 0.349081 0.017750 0.032385
0 0.010950 0.363111 0.020767 0.023704
0 0.100279 0.374593 0.011892 0.024444
0 0.117621 0.382519 0.019742 0.026667
0 0.152871 0.385652 0.010742 0.035007
0 0.090992 0.328311 0.014317 0.012770
0 0.074150 0.344519 0.012800 0.020593
0 0.037038 0.334807 0.015758 0.015393
0 0.023417 0.330400 0.010333 0.016059
1 0.033829 0.361081 0.012758 0.015111
0 0.162713 0.344096 0.014592 0.022415
1 0.137029 0.333170 0.011058 0.020711
0 0.037125 0.467037 0.039417 0.049926
2 0.195508 0.402733 0.074150 0.154385
2 0.044371 0.433963 0.058908 0.097052
2 0.078775 0.526511 0.067800 0.107896
2 0.064133 0.331778 0.028450 0.053274
2 0.488367 0.404222 0.034117 0.068237
2 0.682708 0.477874 0.053617 0.102889
2 0.578229 0.453511 0.048125 0.103970
2 0.955883 0.663296 0.060317 0.192785
2 0.858100 0.573400 0.182767 0.392074
0 0.446621 0.388467 0.016242 0.021378
0 0.623167 0.382348 0.026500 0.024844
0 0.400958 0.463748 0.056583 0.083763
0 0.453958 0.646444 0.071083 0.095852
0 0.644829 0.417252 0.025158 0.033022
0 0.596321 0.479852 0.028308 0.057185
0 0.687042 0.516370 0.040917 0.048741
0 0.947317 0.764030 0.054800 0.109481
0 0.842833 0.684148 0.152167 0.234963
2 0.129100 0.322681 0.026367 0.041807
2 0.009304 0.351844 0.018608 0.051600
