0 0.459557 0.549082 0.008399 0.005456
1 0.132498 0.587259 0.025632 0.016121
0 0.373099 0.522669 0.118353 0.080605
2 0.905448 0.569263 0.025486 0.018552
2 0.443557 0.560556 0.019481 0.014246
2 0.116071 0.574691 0.049425 0.042334
2 0.225703 0.554464 0.060962 0.033869
2 0.248657 0.535554 0.050675 0.039700
1 0.210317 0.577232 0.024206 0.015526
1 0.979344 0.615614 0.012900 0.007899
1 0.988568 0.620506 0.016865 0.010025
0 0.904663 0.576438 0.017791 0.011756
0 0.627695 0.505382 0.120933 0.082937
2 0.622535 0.466641 0.149031 0.146768
2 0.366948 0.478915 0.154616 0.162959
2 0.979939 0.601378 0.023800 0.020940
2 0.988796 0.604189 0.021653 0.023472
2 0.528762 0.541513 0.012953 0.013056
2 0.486723 0.547600 0.014034 0.013604
