2 0.674137 0.256312 0.098225 0.199855
2 0.572362 0.126002 0.089275 0.130517
1 0.767313 0.315899 0.065375 0.086343
0 0.878413 0.625341 0.081950 0.090351
0 0.690119 0.349752 0.077013 0.100083
0 0.590800 0.213822 0.073100 0.100041
1 0.017075 0.333678 0.033100 0.090909
1 0.331875 0.332490 0.066000 0.072707
2 0.182812 0.157986 0.117625 0.167335
2 0.447438 0.207138 0.101625 0.177500
0 0.453156 0.302242 0.081938 0.090351
0 0.184819 0.268833 0.096862 0.139607
0 0.123675 0.281405 0.057350 0.090372
2 0.879750 0.531560 0.103500 0.163533
2 0.330225 0.265486 0.097325 0.138905
2 0.761363 0.232831 0.091225 0.152025
