1 0.429154 0.228661 0.029075 0.024693
2 0.059550 0.253182 0.036117 0.060737
2 0.248821 0.171996 0.069142 0.086572
2 0.333608 0.261800 0.049933 0.072002
2 0.449979 0.172125 0.039325 0.046486
0 0.610750 0.218084 0.022333 0.028550
0 0.642458 0.302948 0.036917 0.051843
0 0.745063 0.302764 0.037375 0.061794
0 0.910333 0.303317 0.037500 0.059214
0 0.497613 0.253686 0.029108 0.034644
1 0.818129 0.261290 0.042908 0.049754
2 0.434038 0.201898 0.044992 0.064238
2 0.452637 0.265620 0.048892 0.066327
2 0.391346 0.218354 0.038975 0.048059
2 0.510104 0.218771 0.044292 0.072604
2 0.644604 0.178876 0.063658 0.071192
2 0.760254 0.254005 0.062608 0.082506
2 0.924838 0.235123 0.067358 0.100688
1 0.169750 0.254324 0.022583 0.018550
0 0.121475 0.260467 0.015550 0.023882
0 0.286567 0.213630 0.017700 0.044459
0 0.254583 0.212654 0.049167 0.057248
1 0.340375 0.302912 0.026083 0.024988
0 0.392329 0.243857 0.030508 0.032678
1 0.452796 0.305061 0.030425 0.027813
