0 0.866270 0.596717 0.049727 0.079484
0 0.183031 0.374584 0.042625 0.030996
2 0.479352 0.421987 0.077234 0.124560
2 0.839566 0.500533 0.094883 0.138558
2 0.665340 0.384273 0.062758 0.087960
2 0.536316 0.305410 0.063305 0.097972
2 0.268590 0.366547 0.077227 0.124560
2 0.146977 0.492726 0.076500 0.142966
2 0.054953 0.476477 0.107547 0.210117
0 0.349320 0.362702 0.037188 0.056307
2 0.080027 0.818247 0.160055 0.254385
0 0.253594 0.653048 0.064844 0.108910
0 0.094820 0.544736 0.061094 0.108910
0 0.674516 0.442268 0.040188 0.054033
0 0.599414 0.302755 0.045547 0.091325
0 0.558527 0.351319 0.034102 0.069156
0 0.504492 0.478664 0.044297 0.068230
0 0.149336 0.585111 0.041328 0.061899
2 0.336672 0.301758 0.063687 0.073154
0 0.290930 0.409320 0.037188 0.045135
2 0.236094 0.565375 0.102969 0.125287
0 0.142031 0.925651 0.108594 0.143681
0 0.411695 0.334625 0.027109 0.048335
0 0.634664 0.215422 0.019922 0.038324
0 0.771383 0.498828 0.042109 0.058851
