1 0.623174 0.515316 0.080737 0.087686
1 0.188665 0.638147 0.062008 0.090566
2 0.338852 0.480154 0.089229 0.171408
2 0.602428 0.590291 0.102314 0.160518
2 0.192822 0.336707 0.081814 0.195841
0 0.886780 0.678641 0.082712 0.141100
2 0.859623 0.387961 0.079229 0.129579
2 0.283432 0.046286 0.028051 0.060825
2 0.460314 0.093762 0.043271 0.086327
2 0.421110 0.109506 0.049424 0.086327
2 0.880017 0.144960 0.049424 0.086327
2 0.759360 0.144960 0.049432 0.086327
2 0.698525 0.109506 0.057695 0.086327
2 0.547415 0.244426 0.062797 0.119887
2 0.485030 0.205971 0.063839 0.121715
2 0.299530 0.164620 0.049432 0.120437
2 0.361017 0.076966 0.049424 0.086327
2 0.625347 0.427265 0.085966 0.149385
2 0.250936 0.219846 0.070839 0.152767
1 0.482432 0.297678 0.062203 0.056618
1 0.544928 0.334102 0.062907 0.082929
1 0.699110 0.175073 0.042288 0.060178
1 0.757475 0.201019 0.042305 0.055146
2 0.964873 0.621400 0.070254 0.222896
2 0.863373 0.553018 0.121390 0.209693
2 0.203263 0.561084 0.087542 0.175890
2 0.966822 0.324296 0.066356 0.167039
2 0.968373 0.170558 0.060169 0.180340
1 0.255716 0.292362 0.057381 0.071909
1 0.188403 0.446707 0.062008 0.090566
1 0.126835 0.325850 0.062008 0.090566
1 0.619966 0.704911 0.062000 0.090566
1 0.341462 0.585154 0.062008 0.090566
0 0.453737 0.605663 0.082712 0.141100
1 0.879636 0.226149 0.059881 0.066861
1 0.964534 0.385680 0.050932 0.079450
2 0.135280 0.238519 0.083339 0.124320
2 0.445725 0.476489 0.116008 0.209676
