2 0.453603 0.074067 0.109308 0.148135
0 0.645000 0.136202 0.072821 0.098942
0 0.736923 0.446740 0.110769 0.150404
0 0.425705 0.441375 0.129872 0.163904
0 0.417179 0.957981 0.328462 0.084038
0 0.448333 0.138337 0.075128 0.075135
2 0.142173 0.198471 0.216526 0.327673
0 0.130064 0.353202 0.180385 0.209096
0 0.892692 0.119423 0.097692 0.123846
2 0.893038 0.071779 0.155718 0.139250
2 0.645994 0.079683 0.113782 0.159365
2 0.748551 0.337913 0.175179 0.253788
2 0.427397 0.332298 0.179667 0.242558
2 0.426205 0.725683 0.388769 0.399173
