0 0.834026 0.203308 0.064769 0.099538
0 0.733968 0.219923 0.072679 0.095962
0 0.495064 0.267212 0.065769 0.100577
0 0.265026 0.308942 0.072103 0.103269
2 0.060782 0.226933 0.100282 0.160827
2 0.241910 0.227279 0.111872 0.176904
0 0.582712 0.312250 0.076705 0.104885
0 0.644423 0.251442 0.060128 0.093654
2 0.570474 0.226308 0.103538 0.158923
2 0.648635 0.167385 0.091449 0.165577
2 0.744583 0.137058 0.104628 0.187692
2 0.823872 0.114404 0.064718 0.113269
2 0.902340 0.095356 0.113808 0.161096
0 0.065942 0.315558 0.087833 0.091269
0 0.923282 0.174740 0.078359 0.117558
