2 0.961427 0.134389 0.053688 0.119963
0 0.453251 0.247716 0.070583 0.113951
0 0.509969 0.250302 0.038461 0.076926
0 0.649390 0.174938 0.056610 0.072346
0 0.670220 0.302284 0.072129 0.100494
0 0.694546 0.605123 0.077254 0.129160
2 0.758847 0.170142 0.068475 0.119963
0 0.817973 0.229944 0.035783 0.071741
0 0.847681 0.226716 0.032692 0.086173
0 0.761831 0.253704 0.060881 0.070864
0 0.949051 0.245722 0.033288 0.066086
2 0.923288 0.152167 0.054441 0.093444
0 0.363607 0.242160 0.061085 0.102593
2 0.660312 0.100796 0.068475 0.119963
2 0.450515 0.137043 0.074061 0.119963
2 0.326600 0.108858 0.101661 0.183716
2 0.868692 0.161852 0.068475 0.119975
2 0.816420 0.154784 0.040203 0.081543
2 0.675186 0.209858 0.086373 0.119963
2 0.603641 0.209858 0.056095 0.119963
0 0.239905 0.156086 0.067729 0.122099
0 0.390407 0.280802 0.061085 0.102593
