0 0.078125 0.252206 0.070703 0.113235
2 0.807979 0.234441 0.079355 0.147000
2 0.889844 0.376397 0.129492 0.193147
2 0.534629 0.183191 0.139727 0.221265
2 0.384443 0.308206 0.098301 0.154176
2 0.178994 0.303941 0.162168 0.246824
2 0.083223 0.153118 0.105430 0.148000
0 0.456357 0.301603 0.056426 0.079147
0 0.815469 0.290824 0.067656 0.096000
0 0.861621 0.136324 0.047070 0.064412
0 0.815625 0.122897 0.038555 0.044500
0 0.886816 0.247191 0.062695 0.069676
0 0.325547 0.198676 0.040820 0.048529
0 0.891621 0.473382 0.094727 0.108706
0 0.414287 0.375750 0.086777 0.075618
0 0.434287 0.214912 0.056426 0.063824
0 0.533379 0.287794 0.116602 0.145588
1 0.656582 0.145015 0.067656 0.059794
0 0.679297 0.278676 0.071875 0.104412
1 0.746348 0.219309 0.049492 0.050853
2 0.738652 0.168324 0.060156 0.082882
0 0.175400 0.427985 0.152012 0.173029
2 0.871230 0.092941 0.065352 0.082882
2 0.889531 0.192221 0.060156 0.082912
2 0.676709 0.215353 0.070801 0.082882
2 0.646436 0.086118 0.062402 0.082882
